13,3
428,0
427,4
427,3
427,2
427,1
427,0
426,4
426,3
426,2
426,1
426,0
425,5
425,4
425,3
425,2
425,1
425,0
424,4
424,3
424,2
424,1
424,0
423,4
423,3
423,2
423,1
423,0
422,5
422,4
422,3
422,2
422,1
422,0
421,4
421,3
421,2
2,2
421,1
2,1
421,0
420,4
420,3
420,2
420,1
420,0
419,4
419,3
419,2
419,1
419,0
418,4
418,3
418,2
418,1
418,0
417,4
417,3
417,2
417,1
417,0
416,4
416,3
416,2
416,1
416,0
415,5
415,4
415,3
415,2
415,1
415,0
414,4
414,3
414,2
414,1
414,0
413,6
413,5
413,4
413,3
413,2
413,1
413,0
412,6
412,5
412,4
412,3
412,2
412,1
412,0
411,8
411,7
411,6
411,5
411,4
411,3
411,2
411,1
411,0
410,5
410,4
410,3
410,2
410,1
2,3
410,0
409,5
409,4
409,3
409,2
409,1
409,0
408,3
408,2
408,1
408,0
407,9
407,8
407,7
407,6
407,5
407,4
407,3
407,2
407,1
407,0
406,7
406,6
406,5
406,4
406,3
406,2
406,1
406,0
405,5
405,4
405,3
405,2
405,1
405,0
404,4
404,3
404,2
404,1
404,0
403,3
403,2
403,1
403,0
402,6
402,5
402,4
402,3
402,2
402,1
402,0
401,4
401,3
